1号：
内参矩阵 K:
 [[1.31398778e+03 0.00000000e+00 6.27777465e+02]
 [0.00000000e+00 1.30976601e+03 5.55535291e+02]
 [0.00000000e+00 0.00000000e+00 1.00000000e+00]]
畸变系数 dist_coef:
 [[-6.84719976e-02 -5.07703676e-01 -2.11581835e-04 -2.66079407e-03
   5.31605294e+00]]

2号： 
内参矩阵 K:
 [[1.28300555e+03 0.00000000e+00 6.46922084e+02]
 [0.00000000e+00 1.28085008e+03 5.25224582e+02]
 [0.00000000e+00 0.00000000e+00 1.00000000e+00]]
畸变系数 dist_coef:
 [[-2.51341834e-01  3.06629331e+00 -3.46424574e-03 -4.62448014e-04
  -1.54409613e+01]]

3号：
内参矩阵 K:
 [[810.40948926   0.         611.41991188]
 [  0.         813.22312056 385.16020552]
 [  0.           0.           1.        ]]
畸变系数 dist_coef:
 [[-0.08153923  0.49331671  0.0017929  -0.00437156 -1.28439103]]